[gd_scene load_steps=18 format=2]

[ext_resource path="res://character/Traveller.tscn" type="PackedScene" id=1]
[ext_resource path="res://train/Train.tscn" type="PackedScene" id=2]
[ext_resource path="res://maps/TrainSystem.gd" type="Script" id=3]
[ext_resource path="res://maps/Route.gd" type="Script" id=4]
[ext_resource path="res://train/Station.tscn" type="PackedScene" id=5]
[ext_resource path="res://ui/RouteSelector.tscn" type="PackedScene" id=6]
[ext_resource path="res://maps/Game.gd" type="Script" id=7]
[ext_resource path="res://assets/models/scenes/US.tscn" type="PackedScene" id=8]
[ext_resource path="res://maps/ZoomingCamera.gd" type="Script" id=9]
[ext_resource path="res://ui/TopBar.tscn" type="PackedScene" id=10]
[ext_resource path="res://assets/models/scenes/Niagara.tscn" type="PackedScene" id=11]

[sub_resource type="Curve3D" id=6]
_data = {
"points": PoolVector3Array( 23.691, 0.0275192, -33.9018, -23.691, -0.0275192, 33.9018, 973.957, 0.149757, -254.758, 57.3909, 0, -2.58519, -57.3909, 0, 2.58519, 680.696, 0.140686, -182.445, 59.8112, 0, 29.2953, -59.8112, 0, -29.2953, 375.537, 0.140686, -215.402 ),
"tilts": PoolRealArray( 0, 0, 0 )
}

[sub_resource type="Curve3D" id=7]
_data = {
"points": PoolVector3Array( 70.1607, 0, 28.854, -70.1607, 0, -28.854, 376.217, 0, -217.728, 38.7078, 0, -26.2337, -38.7078, 0, 26.2337, 199.823, 0, -182.562, -1.05341, 0, -59.2535, 1.05341, 0, 59.2535, 92.4687, 0, -24.6698 ),
"tilts": PoolRealArray( 0, 0, 0 )
}

[sub_resource type="Curve3D" id=8]
_data = {
"points": PoolVector3Array( -3.99384, 0, -42.388, 3.99384, 0, 42.388, 92.0735, 0, -24.7647, 32.6359, 0, -40.2256, -32.6359, 0, 40.2256, 79.6198, 0, 253.914, 3.37936, 0, -38.6748, -3.37936, 0, 38.6748, -1.59047, 0, 435.309, -38.8706, 0, -2.96863, 38.8706, 0, 2.96863, 53.6949, 0, 506.214 ),
"tilts": PoolRealArray( 0, 0, 0, 0 )
}

[sub_resource type="Curve3D" id=9]
_data = {
"points": PoolVector3Array( -65.0249, 0, -3.08173, 65.0249, 0, 3.08173, 54.0898, 0, 506.568, -75.4313, 0, 25.1916, 75.4313, 0, -25.1916, 250.774, 0, 481.009, -63.2752, 0, 32.6028, 63.2752, 0, -32.6028, 446.426, 0, 367.345, -45.1896, 0, 43.12, 45.1896, 0, -43.12, 629.452, 0, 280.936 ),
"tilts": PoolRealArray( 0, 0, 0, 0 )
}

[sub_resource type="Curve3D" id=10]
_data = {
"points": PoolVector3Array( -37.9214, 0, 35.1317, 37.9214, 0, -35.1317, 629.812, 0, 281.451, -29.113, 0, 61.3606, 29.113, 0, -61.3606, 806.834, 0, 135.859, -45.1365, 0, 54.4391, 45.1365, 0, -54.4391, 861.148, 0, -133.397, -41.0375, 0, 46.9131, 41.0375, 0, -46.9131, 973.895, 0, -253.558 ),
"tilts": PoolRealArray( 0, 0, 0, 0 )
}

[sub_resource type="Curve3D" id=11]
_data = {
"points": PoolVector3Array( 58.2451, 0, -44.1745, -58.2451, 0, 44.1745, 630.277, 0, 281.427, -12.2524, 0, -36.4432, 12.2524, 0, 36.4432, 603.134, 0, 392.205, -32.5957, 0, -35.642, 32.5957, 0, 35.642, 720.794, 0, 462.596, -27.5259, 0, -24.9215, 27.5259, 0, 24.9215, 798.757, 0, 602.211, -5.84851, -6.10352e-05, -46.9131, 5.84851, 6.10352e-05, 46.9131, 843.054, 6.10352e-05, 701.488 ),
"tilts": PoolRealArray( 0, 0, 0, 0, 0 )
}

[node name="UnitedStates" type="Spatial"]
script = ExtResource( 7 )

[node name="DirectionalLight" type="DirectionalLight" parent="."]
transform = Transform( 1, 0, 0, 0, 1, 0, 0, 0, 1, 0, 350.788, 0 )

[node name="US" parent="." instance=ExtResource( 8 )]
transform = Transform( 500, 0, 0, 0, 0, 0, 0, 0, 500, -101.021, 0, 365.231 )

[node name="Trees" type="Node" parent="."]

[node name="TrainSystem" type="Node" parent="."]
script = ExtResource( 3 )

[node name="NewYork-Chicago" type="Path" parent="TrainSystem"]
curve = SubResource( 6 )
script = ExtResource( 4 )
stations = [ NodePath("../NewYork"), NodePath("../Chicago") ]
ticket_cost = 5

[node name="Train" parent="TrainSystem/NewYork-Chicago" instance=ExtResource( 2 )]
transform = Transform( 0.816019, -0.000381801, -0.578015, 0, 1, -0.000660514, 0.578026, 0.000539001, 0.816004, 973.957, 0.149757, -254.758 )
speed = 60
next_station = 1

[node name="Chicago-Kansas" type="Path" parent="TrainSystem"]
curve = SubResource( 7 )
script = ExtResource( 4 )
stations = [ NodePath("../Chicago"), NodePath("../Kansas") ]
ticket_cost = 10

[node name="Train" parent="TrainSystem/Chicago-Kansas" instance=ExtResource( 2 )]
transform = Transform( -0.37969, 0, -0.925101, 0, 1, 0, 0.925114, 0, -0.379685, 376.217, 0, -217.728 )
speed = 70
next_station = 1

[node name="Kansas-Houston" type="Path" parent="TrainSystem"]
transform = Transform( 1, 0, 0, 0, 1, 0, 0, 0, 1, -0.758911, 0, 0 )
curve = SubResource( 8 )
script = ExtResource( 4 )
stations = [ NodePath("../Kansas"), NodePath("../Houston") ]
ticket_cost = 15

[node name="Train" parent="TrainSystem/Kansas-Houston" instance=ExtResource( 2 )]
transform = Transform( 0.995596, 0, 0.0937386, 0, 1, 0, -0.0937399, 0, 0.995582, 92.0735, 0, -24.7647 )
speed = 40
next_station = 1

[node name="Houston-Atlanta" type="Path" parent="TrainSystem"]
curve = SubResource( 9 )
script = ExtResource( 4 )
stations = [ NodePath("../Houston"), NodePath("../Atlanta") ]
ticket_cost = 8

[node name="Train" parent="TrainSystem/Houston-Atlanta" instance=ExtResource( 2 )]
transform = Transform( 0.0472835, 0, 0.998868, 0, 1, 0, -0.998882, 0, 0.0472828, 54.0898, 0, 506.568 )
speed = 50
next_station = 1

[node name="Atlanta-NewYork" type="Path" parent="TrainSystem"]
curve = SubResource( 10 )
script = ExtResource( 4 )
stations = [ NodePath("../Atlanta"), NodePath("../NewYork") ]
ticket_cost = 9

[node name="Train" parent="TrainSystem/Atlanta-NewYork" instance=ExtResource( 2 )]
transform = Transform( -0.678704, 0, 0.734401, 0, 1, 0, -0.734412, 0, -0.678694, 629.812, 0, 281.451 )
speed = 45
next_station = 1

[node name="Atlanta-Miami" type="Path" parent="TrainSystem"]
curve = SubResource( 11 )
script = ExtResource( 4 )
stations = [ NodePath("../Atlanta"), NodePath("../Miami") ]
ticket_cost = 15

[node name="Train" parent="TrainSystem/Atlanta-Miami" instance=ExtResource( 2 )]
transform = Transform( 0.6043, 0, -0.796746, 0, 1, 0, 0.796757, 0, 0.604291, 630.277, 0, 281.427 )
speed = 35
next_station = 1

[node name="NewYork" parent="TrainSystem" instance=ExtResource( 5 )]
transform = Transform( 0.554801, 0, 0.831983, 0, 1, 0, -0.831983, 0, 0.554801, 974.734, 0, -255.188 )
_routes = [ NodePath("../NewYork-Chicago"), NodePath("../Atlanta-NewYork") ]

[node name="Chicago" parent="TrainSystem" instance=ExtResource( 5 )]
transform = Transform( -0.9325, 0, 0.361169, 0, 1, 0, -0.361169, 0, -0.9325, 375.858, 0.160431, -217.28 )
_routes = [ NodePath("../NewYork-Chicago"), NodePath("../Chicago-Kansas") ]

[node name="Kansas" parent="TrainSystem" instance=ExtResource( 5 )]
transform = Transform( 0.0124962, 0, -0.999922, 0, 1, 0, 0.999922, 0, 0.0124962, 91.2435, 0, -24.303 )
_routes = [ NodePath("../Chicago-Kansas"), NodePath("../Kansas-Houston") ]

[node name="Houston" parent="TrainSystem" instance=ExtResource( 5 )]
transform = Transform( -0.995198, 0, 0.0978782, 0, 1, 0, -0.0978782, 0, -0.995198, 52.5876, 0, 505.466 )
_routes = [ NodePath("../Kansas-Houston"), NodePath("../Houston-Atlanta") ]

[node name="Atlanta" parent="TrainSystem" instance=ExtResource( 5 )]
transform = Transform( 0.640445, 0, 0.768004, 0, 1, 0, -0.768004, 0, 0.640445, 630.825, 0, 279.764 )
_routes = [ NodePath("../Houston-Atlanta"), NodePath("../Atlanta-NewYork"), NodePath("../Atlanta-Miami") ]

[node name="Miami" parent="TrainSystem" instance=ExtResource( 5 )]
transform = Transform( -0.181755, 0, 0.983344, 0, 1, 0, -0.983344, 0, -0.181755, 844.439, 0, 699.175 )
_routes = [ NodePath("../Atlanta-Miami") ]

[node name="PlaneSystem" type="Node" parent="."]

[node name="Monuments" type="Node" parent="."]

[node name="Niagara " parent="Monuments" instance=ExtResource( 11 )]
transform = Transform( 0.82377, 0, 0.566924, 0, 1, 0, -0.566924, 0, 0.82377, 811.966, 0, -330.36 )

[node name="Traveller" parent="." instance=ExtResource( 1 )]
transform = Transform( 1, 0, 0, 0, 1, 0, 0, 0, 1, 880.761, -6.10352e-05, -187.787 )
collision_mask = 3
speed = 40.0

[node name="RouteSelector" parent="." instance=ExtResource( 6 )]

[node name="Camera" type="Camera" parent="."]
transform = Transform( 1, 0, 0, 0, 0.530926, 0.847419, 0, -0.847419, 0.530926, 0, 69.241, 18.77 )
size = 80.0
far = 1000.0
script = ExtResource( 9 )
max_zoom_global_point = Vector3( 0, 600, 0 )
max_zoom_rotation = Vector3( -90, 0, 0 )
max_zoom_fov = 110.0
min_zoom_local_point = Vector3( 0, 70, 19 )
min_zoom_rotation = Vector3( -57, 0, 0 )
min_zoom_fov = 70.0

[node name="TopBar" parent="." instance=ExtResource( 10 )]
