[gd_scene load_steps=20 format=2]

[ext_resource path="res://monuments/Alaska.tscn" type="PackedScene" id=1]
[ext_resource path="res://systems/TrainSystem.tscn" type="PackedScene" id=2]
[ext_resource path="res://assets/music/team 14_fin.wav" type="AudioStream" id=3]
[ext_resource path="res://systems/ViewportContainer.tscn" type="PackedScene" id=4]
[ext_resource path="res://monuments/Slots.tscn" type="PackedScene" id=5]
[ext_resource path="res://monuments/Waikiki.tscn" type="PackedScene" id=6]
[ext_resource path="res://maps/Game.gd" type="Script" id=7]
[ext_resource path="res://assets/models/scenes/US.tscn" type="PackedScene" id=8]
[ext_resource path="res://monuments/Niagara.tscn" type="PackedScene" id=11]
[ext_resource path="res://monuments/Arena.tscn" type="PackedScene" id=12]
[ext_resource path="res://monuments/Statue.tscn" type="PackedScene" id=13]
[ext_resource path="res://monuments/White_house.tscn" type="PackedScene" id=14]
[ext_resource path="res://monuments/Everglades.tscn" type="PackedScene" id=15]
[ext_resource path="res://monuments/Distillery.tscn" type="PackedScene" id=16]
[ext_resource path="res://monuments/Factory.tscn" type="PackedScene" id=17]
[ext_resource path="res://monuments/Burgers.tscn" type="PackedScene" id=18]
[ext_resource path="res://monuments/Route66.tscn" type="PackedScene" id=19]
[ext_resource path="res://monuments/Hollywood.tscn" type="PackedScene" id=20]
[ext_resource path="res://monuments/Aspen.tscn" type="PackedScene" id=21]

[node name="UnitedStates" type="Spatial"]
script = ExtResource( 7 )
input_prefixes = [ "traveller_keyboard", "traveller_joy_1" ]
starting_points = [ Vector3( 402, 0, 72 ), Vector3( 398, 0, 68 ) ]

[node name="World" type="Spatial" parent="."]

[node name="US" parent="World" instance=ExtResource( 8 )]
transform = Transform( 250, 0, 0, 0, 0, 0, 0, 0, 250, -101.021, 0, 365.231 )

[node name="Trees" type="Node" parent="World"]

[node name="TrainSystem" parent="World" instance=ExtResource( 2 )]

[node name="PlaneSystem" type="Node" parent="World"]

[node name="Monuments" type="Node" parent="World"]

[node name="Niagara " parent="World/Monuments" instance=ExtResource( 11 )]
transform = Transform( 0.935858, 0.00129544, 0.352375, -0.00109237, 0.999999, -0.00077512, -0.352376, 0.000340475, 0.935858, 362.597, 0, 19.184 )

[node name="Arena" parent="World/Monuments" instance=ExtResource( 12 )]
transform = Transform( 0.386223, 0.000174779, -0.922406, -3.73901e-05, 1, 0.000173822, 0.922406, -3.26252e-05, 0.386223, 109.742, 0, 47.06 )

[node name="Statue" parent="World/Monuments" instance=ExtResource( 13 )]
transform = Transform( 0.817678, 0, 0.575676, 0, 1, 0, -0.575676, 0, 0.817678, 464.27, 0, 43.875 )

[node name="White_house" parent="World/Monuments" instance=ExtResource( 14 )]
transform = Transform( 0.986675, -0.00376303, -0.162662, 0.00394051, 0.999992, 0.000768544, 0.162657, -0.00139929, 0.986682, 382.684, 0, 133.673 )

[node name="Distillery" parent="World/Monuments" instance=ExtResource( 16 )]
transform = Transform( 0.956044, 0, 0.293223, 0, 1, 0, -0.293223, 0, 0.956044, 229.806, -1.21793, 256.21 )

[node name="everglades" parent="World/Monuments" instance=ExtResource( 15 )]
transform = Transform( 1, 0, 0, 0, 1, 0, 0, 0, 1, 338.669, 0, 475.441 )
points = 2200

[node name="Factory" parent="World/Monuments" instance=ExtResource( 17 )]
transform = Transform( 0.826609, 0, -0.562776, 0, 1, 0, 0.562776, 0, 0.826609, 228.134, 0, 52.966 )

[node name="Burgers" parent="World/Monuments" instance=ExtResource( 18 )]
transform = Transform( 1, 0, 0, 0, 1, 0, 0, 0, 1, -107.481, 0, 26.332 )

[node name="Route66" parent="World/Monuments" instance=ExtResource( 19 )]
transform = Transform( 1, 0, 0, 0, 1, 0, 0, 0, 1, -74.3032, 0, 288.316 )

[node name="Hollywood" parent="World/Monuments" instance=ExtResource( 20 )]
transform = Transform( 0.996544, -0.000169527, 0.083068, 0.000159239, 1, 0.000130494, -0.083068, -0.000116818, 0.996544, -613.648, 0, 114.707 )

[node name="Aspen" parent="World/Monuments" instance=ExtResource( 21 )]
transform = Transform( 0.516015, 0.000124115, 0.85658, -4.50868e-05, 1, -0.000117732, -0.85658, 2.21128e-05, 0.516015, -290.436, -0.01703, 136.531 )

[node name="Alaska" parent="World/Monuments" instance=ExtResource( 1 )]
transform = Transform( 1, 0, 0, 0, 1, 0, 0, 0, 1, -600.996, 0, -203.084 )
points = 2500

[node name="Slots" parent="World/Monuments" instance=ExtResource( 5 )]
transform = Transform( 1, 0, 0, 0, 1, 0, 0, 0, 1, -425.802, 0, 186.229 )
points = 1200

[node name="Waikiki" parent="World/Monuments" instance=ExtResource( 6 )]
transform = Transform( 1, 0, 0, 0, 1, 0, 0, 0, 1, -85.9718, 0, 545.875 )
points = 1800

[node name="Burgers2" parent="World/Monuments" instance=ExtResource( 18 )]
transform = Transform( 1, 0, 0, 0, 1, 0, 0, 0, 1, -300.439, 0, -126.184 )
points = 800

[node name="Burgers3" parent="World/Monuments" instance=ExtResource( 18 )]
transform = Transform( 1, 0, 0, 0, 1, 0, 0, 0, 1, 91.5184, 0, 330.945 )
points = 600

[node name="everglades2" parent="World/Monuments" instance=ExtResource( 15 )]
transform = Transform( 1, 0, 0, 0, 1, 0, 0, 0, 1, 528.665, 0, -149.111 )
points = 1500

[node name="Alaska" parent="." instance=ExtResource( 1 )]

[node name="HBoxContainer" type="HBoxContainer" parent="."]
anchor_right = 1.0
anchor_bottom = 1.0
alignment = 1

[node name="ViewportContainer" parent="HBoxContainer" instance=ExtResource( 4 )]
anchor_right = 0.0
anchor_bottom = 0.0
margin_right = 1024.0
margin_bottom = 600.0

[node name="DirectionalLight" type="DirectionalLight" parent="."]
transform = Transform( 1, 0, 0, 0, 1, 0, 0, 0, 1, 0, 350.788, 0 )

[node name="AmbientMusic" type="AudioStreamPlayer" parent="."]
stream = ExtResource( 3 )
volume_db = -18.108
autoplay = true
